"nombre d'inscrits réel :",,49,,
,,,,
"Suivi budgétaire",,,,
,,,,
Nature,Dépenses,Recettes,Solde,
Billetterie,,924,924,
Stickers,44,,880,
"Avance traiteur",150,,730,
Sponsoring,,500,1230,
Sponsoring,,500,1730,
Traiteur,1029.5,,700.5,
"Repas soir",103.6,,596.9,
"Frais Arnaud",122.71,,474.19,"1 nuit d'hôtel"
Fournitures,121.37,,352.82,
"Frais d'envoi",9.03,,343.79,"Envoi de la convention à l'ISTIC * 3 fois"
